zenas@LAPTOP-07DGCPEP:/var/zenas/code/c4p4e2n-a2$ python3 monosubst.py
-543.1345954730559
-439.91663552796086
-229.75768666819815
-216.40532479254043
-192.38271554653068
-25.04818290745617
49.28854999685036
52.58852496188023
80.09035931315609
119.81979685003245
170.36771278980547
187.36280395520478
210.03829249525012
289.5444667434567
305.60410231496746
305.82522542228685
337.26666810070435
351.31528833339576
355.91995325831715
404.85163659645445
426.52327414321456
476.1298983829808
495.79456456630163
503.5259725246437
507.8488551075623
517.4274340030412
524.4701214542168
545.6270671366539
592.6124115497538
632.5849617224081
664.8668634591704
757.5288797031603
813.6651679662369
821.7971320132971
842.4041892073541
844.0034383553772
858.7487500089945
865.1583194109295
925.9829854704975
1265.898907734056
1442.363550155447
1460.307081765757
1464.417079136528
1498.5177670704768
1500.218613918101
1536.5892827482319
1604.341908230002
1678.611868078263
1704.230954802512
For 10000 iterations in 2.66 seconds, the fittest key with score=1704.230954802512 was:
BGRXAJPLMNOHEKCDUQTSFZWVYI
The decrypted text: ATLASTTHEDODOSAIDCOMMAEVERYBODYHASWONCOMMAANDALLMUSTHAVEPRIZESDOTBUTWHOISTOGIVETHEPRIZESQUITEACHORUSOFVOICESASKEDDOTWHYCOMMASHECOMMAOFCOURSECOMMASAIDTHEDODOCOMMAPOINTINGTOALICEWITHONEFINGERANDTHEWHOLEPARTYATONCECROWDEDROUNDHERCOMMACALLINGOUTINACONFUSEDWAYCOMMAPRIZESPRIZESALICEHADNOIDEAWHATTODOCOMMAANDINDESPAIRSHEPUTHERHANDINHERPOCKETCOMMAANDPULLEDOUTABOXOFCOMFITSCOMMALUCKILYTHESALTWATERHADNOTGOTINTOITCOMMAANDHANDEDTHEMROUNDASPRIZESDOTTHEREWASEXACTLYONEAPIECEALLROUND
